# Selective Deferral Recoverability / Predictability

Default expert is Concerto full-FT. `A` means default correct / auxiliary wrong; `B` means default wrong / auxiliary correct and is the desired deferral opportunity.

## Recoverability

| expert | class | A frac | B frac | C frac | D frac | B/A |
|---|---|---:|---:|---:|---:|---:|
| `Concerto decoder` | `wall` | `0.0150` | `0.0143` | `0.9174` | `0.0533` | `0.9510` |
| `Concerto decoder` | `floor` | `0.0136` | `0.0054` | `0.9662` | `0.0149` | `0.3978` |
| `Concerto decoder` | `cabinet` | `0.3139` | `0.0055` | `0.2278` | `0.4528` | `0.0175` |
| `Concerto decoder` | `bed` | `0.0243` | `0.0038` | `0.9419` | `0.0300` | `0.1586` |
| `Concerto decoder` | `chair` | `0.0006` | `0.0008` | `0.9914` | `0.0072` | `1.2500` |
| `Concerto decoder` | `table` | `0.1498` | `0.0067` | `0.6371` | `0.2063` | `0.0449` |
| `Concerto decoder` | `door` | `0.0473` | `0.0078` | `0.8316` | `0.1133` | `0.1657` |
| `Concerto decoder` | `window` | `0.0118` | `0.0377` | `0.9258` | `0.0247` | `3.2025` |
| `Concerto decoder` | `picture` | `0.2828` | `0.0024` | `0.7007` | `0.0142` | `0.0084` |
| `Concerto decoder` | `desk` | `0.0163` | `0.0156` | `0.5144` | `0.4538` | `0.9571` |
| `Concerto decoder` | `curtain` | `0.1584` | `0.0220` | `0.6793` | `0.1403` | `0.1389` |
| `Concerto decoder` | `otherfurniture` | `0.0067` | `0.0053` | `0.9638` | `0.0243` | `0.8000` |
| `Sonata linear` | `wall` | `0.0622` | `0.0083` | `0.8702` | `0.0592` | `0.1340` |
| `Sonata linear` | `floor` | `0.0116` | `0.0101` | `0.9681` | `0.0101` | `0.8692` |
| `Sonata linear` | `cabinet` | `0.3120` | `0.3702` | `0.2297` | `0.0880` | `1.1866` |
| `Sonata linear` | `bed` | `0.0141` | `0.0121` | `0.9520` | `0.0218` | `0.8561` |
| `Sonata linear` | `chair` | `0.0087` | `0.0006` | `0.9833` | `0.0073` | `0.0714` |
| `Sonata linear` | `table` | `0.4242` | `0.0061` | `0.3627` | `0.2069` | `0.0144` |
| `Sonata linear` | `door` | `0.0630` | `0.0638` | `0.8159` | `0.0574` | `1.0121` |
| `Sonata linear` | `window` | `0.0658` | `0.0217` | `0.8717` | `0.0407` | `0.3303` |
| `Sonata linear` | `picture` | `0.9835` | `0.0000` | `0.0000` | `0.0165` | `0.0000` |
| `Sonata linear` | `desk` | `0.0061` | `0.4133` | `0.5245` | `0.0560` | `67.6076` |
| `Sonata linear` | `curtain` | `0.0841` | `0.0830` | `0.7536` | `0.0793` | `0.9879` |
| `Sonata linear` | `otherfurniture` | `0.0452` | `0.0032` | `0.9252` | `0.0264` | `0.0699` |
| `Utonia` | `wall` | `0.0451` | `0.0147` | `0.8874` | `0.0528` | `0.3270` |
| `Utonia` | `floor` | `0.0161` | `0.0089` | `0.9637` | `0.0114` | `0.5521` |
| `Utonia` | `cabinet` | `0.4175` | `0.0112` | `0.1243` | `0.4471` | `0.0269` |
| `Utonia` | `bed` | `0.0316` | `0.0090` | `0.9345` | `0.0249` | `0.2838` |
| `Utonia` | `chair` | `0.0066` | `0.0006` | `0.9855` | `0.0073` | `0.0952` |
| `Utonia` | `table` | `0.0357` | `0.0179` | `0.7512` | `0.1951` | `0.5017` |
| `Utonia` | `door` | `0.0721` | `0.0632` | `0.8068` | `0.0579` | `0.8774` |
| `Utonia` | `window` | `0.0334` | `0.0392` | `0.9042` | `0.0232` | `1.1741` |
| `Utonia` | `picture` | `0.9835` | `0.0000` | `0.0000` | `0.0165` | `0.0000` |
| `Utonia` | `desk` | `0.0123` | `0.1257` | `0.5183` | `0.3437` | `10.2138` |
| `Utonia` | `curtain` | `0.2121` | `0.0348` | `0.6256` | `0.1275` | `0.1641` |
| `Utonia` | `otherfurniture` | `0.0185` | `0.0076` | `0.9520` | `0.0219` | `0.4144` |

## Deferral Predictability

| expert | fold | pos rate | PR-AUC | R@P80 | R@P90 | R@P95 |
|---|---:|---:|---:|---:|---:|---:|
| `Concerto decoder` | `0` | `0.0088` | `0.1073` | `0.0000` | `0.0000` | `0.0000` |
| `Sonata linear` | `0` | `0.0645` | `0.2027` | `0.0000` | `0.0000` | `0.0000` |
| `Utonia` | `0` | `0.0244` | `0.0376` | `0.0000` | `0.0000` | `0.0000` |
| `Concerto decoder` | `1` | `0.0137` | `0.0190` | `0.0000` | `0.0000` | `0.0000` |
| `Sonata linear` | `1` | `0.0557` | `0.3726` | `0.0000` | `0.0000` | `0.0000` |
| `Utonia` | `1` | `0.0283` | `0.3142` | `0.1379` | `0.1034` | `0.1034` |

## Sample-Level Conservative Router Pilot

| variant | sample mIoU | allAcc | picture | p->wall |
|---|---:|---:|---:|---:|
| `fold0_default::Concerto_fullFT` | `0.3197` | `0.9062` | `1.0000` | `0.0000` |
| `fold0_defer_p80` | `0.3197` | `0.9062` | `1.0000` | `0.0000` |
| `fold0_defer_p90` | `0.3197` | `0.9062` | `1.0000` | `0.0000` |
| `fold0_defer_p95` | `0.3197` | `0.9062` | `1.0000` | `0.0000` |
| `fold1_default::Concerto_fullFT` | `0.4050` | `0.8760` | `0.0000` | `nan` |
| `fold1_defer_p80` | `0.4050` | `0.8760` | `0.0000` | `nan` |
| `fold1_defer_p90` | `0.4050` | `0.8760` | `0.0000` | `nan` |
| `fold1_defer_p95` | `0.4050` | `0.8760` | `0.0000` | `nan` |
