# Selective Deferral Recoverability / Predictability

Default expert is Concerto full-FT. `A` means default correct / auxiliary wrong; `B` means default wrong / auxiliary correct and is the desired deferral opportunity.

## Recoverability

| expert | class | A frac | B frac | C frac | D frac | B/A |
|---|---|---:|---:|---:|---:|---:|
| `Concerto decoder` | `wall` | `0.0293` | `0.0172` | `0.9144` | `0.0390` | `0.5869` |
| `Concerto decoder` | `floor` | `0.0075` | `0.0050` | `0.9723` | `0.0152` | `0.6638` |
| `Concerto decoder` | `cabinet` | `0.0699` | `0.0346` | `0.7923` | `0.1032` | `0.4953` |
| `Concerto decoder` | `bed` | `0.0582` | `0.0138` | `0.8710` | `0.0570` | `0.2374` |
| `Concerto decoder` | `chair` | `0.0210` | `0.0120` | `0.9412` | `0.0257` | `0.5700` |
| `Concerto decoder` | `sofa` | `0.0193` | `0.0192` | `0.9110` | `0.0504` | `0.9950` |
| `Concerto decoder` | `table` | `0.0780` | `0.0140` | `0.8315` | `0.0765` | `0.1793` |
| `Concerto decoder` | `door` | `0.0288` | `0.0533` | `0.8536` | `0.0644` | `1.8483` |
| `Concerto decoder` | `window` | `0.0733` | `0.0513` | `0.8056` | `0.0697` | `0.7001` |
| `Concerto decoder` | `bookshelf` | `0.0303` | `0.0412` | `0.8644` | `0.0641` | `1.3574` |
| `Concerto decoder` | `picture` | `0.1170` | `0.0688` | `0.4694` | `0.3448` | `0.5877` |
| `Concerto decoder` | `counter` | `0.0695` | `0.0498` | `0.7570` | `0.1237` | `0.7158` |
| `Concerto decoder` | `desk` | `0.0454` | `0.0464` | `0.8122` | `0.0960` | `1.0220` |
| `Concerto decoder` | `curtain` | `0.0385` | `0.0194` | `0.8954` | `0.0468` | `0.5033` |
| `Concerto decoder` | `refridgerator` | `0.0387` | `0.0602` | `0.8358` | `0.0654` | `1.5554` |
| `Concerto decoder` | `shower curtain` | `0.0232` | `0.0899` | `0.7854` | `0.1016` | `3.8767` |
| `Concerto decoder` | `toilet` | `0.0075` | `0.0120` | `0.9645` | `0.0161` | `1.6050` |
| `Concerto decoder` | `sink` | `0.0325` | `0.0398` | `0.8078` | `0.1200` | `1.2251` |
| `Concerto decoder` | `bathtub` | `0.0160` | `0.0370` | `0.9223` | `0.0248` | `2.3171` |
| `Concerto decoder` | `otherfurniture` | `0.0262` | `0.0762` | `0.7200` | `0.1777` | `2.9088` |
| `Sonata linear` | `wall` | `0.0415` | `0.0204` | `0.9022` | `0.0358` | `0.4909` |
| `Sonata linear` | `floor` | `0.0108` | `0.0058` | `0.9690` | `0.0144` | `0.5414` |
| `Sonata linear` | `cabinet` | `0.1603` | `0.0429` | `0.7018` | `0.0949` | `0.2679` |
| `Sonata linear` | `bed` | `0.0977` | `0.0095` | `0.8315` | `0.0613` | `0.0974` |
| `Sonata linear` | `chair` | `0.0484` | `0.0083` | `0.9139` | `0.0294` | `0.1711` |
| `Sonata linear` | `sofa` | `0.0504` | `0.0205` | `0.8800` | `0.0492` | `0.4065` |
| `Sonata linear` | `table` | `0.1168` | `0.0174` | `0.7928` | `0.0731` | `0.1488` |
| `Sonata linear` | `door` | `0.1272` | `0.0394` | `0.7551` | `0.0782` | `0.3096` |
| `Sonata linear` | `window` | `0.0925` | `0.0408` | `0.7865` | `0.0802` | `0.4417` |
| `Sonata linear` | `bookshelf` | `0.0444` | `0.0628` | `0.8503` | `0.0424` | `1.4137` |
| `Sonata linear` | `picture` | `0.1334` | `0.0278` | `0.4531` | `0.3858` | `0.2081` |
| `Sonata linear` | `counter` | `0.0854` | `0.0415` | `0.7411` | `0.1320` | `0.4855` |
| `Sonata linear` | `desk` | `0.0936` | `0.0788` | `0.7640` | `0.0636` | `0.8424` |
| `Sonata linear` | `curtain` | `0.0846` | `0.0200` | `0.8493` | `0.0461` | `0.2367` |
| `Sonata linear` | `refridgerator` | `0.1703` | `0.0198` | `0.7042` | `0.1057` | `0.1165` |
| `Sonata linear` | `shower curtain` | `0.0684` | `0.0564` | `0.7401` | `0.1351` | `0.8235` |
| `Sonata linear` | `toilet` | `0.0184` | `0.0124` | `0.9535` | `0.0157` | `0.6719` |
| `Sonata linear` | `sink` | `0.0833` | `0.0290` | `0.7570` | `0.1307` | `0.3483` |
| `Sonata linear` | `bathtub` | `0.0353` | `0.0282` | `0.9030` | `0.0335` | `0.7997` |
| `Sonata linear` | `otherfurniture` | `0.1846` | `0.0533` | `0.5615` | `0.2005` | `0.2888` |
| `Utonia` | `wall` | `0.0351` | `0.0210` | `0.9087` | `0.0352` | `0.5998` |
| `Utonia` | `floor` | `0.0105` | `0.0056` | `0.9693` | `0.0146` | `0.5326` |
| `Utonia` | `cabinet` | `0.0874` | `0.0417` | `0.7748` | `0.0961` | `0.4775` |
| `Utonia` | `bed` | `0.0563` | `0.0159` | `0.8728` | `0.0549` | `0.2828` |
| `Utonia` | `chair` | `0.0453` | `0.0090` | `0.9170` | `0.0287` | `0.1991` |
| `Utonia` | `sofa` | `0.0377` | `0.0199` | `0.8926` | `0.0498` | `0.5271` |
| `Utonia` | `table` | `0.1018` | `0.0191` | `0.8077` | `0.0713` | `0.1879` |
| `Utonia` | `door` | `0.0672` | `0.0491` | `0.8152` | `0.0685` | `0.7314` |
| `Utonia` | `window` | `0.0781` | `0.0387` | `0.8008` | `0.0823` | `0.4961` |
| `Utonia` | `bookshelf` | `0.0203` | `0.0641` | `0.8744` | `0.0412` | `3.1523` |
| `Utonia` | `picture` | `0.1612` | `0.0800` | `0.4253` | `0.3336` | `0.4960` |
| `Utonia` | `counter` | `0.0576` | `0.0744` | `0.7689` | `0.0991` | `1.2911` |
| `Utonia` | `desk` | `0.0644` | `0.0520` | `0.7932` | `0.0905` | `0.8067` |
| `Utonia` | `curtain` | `0.0751` | `0.0193` | `0.8587` | `0.0469` | `0.2563` |
| `Utonia` | `refridgerator` | `0.0599` | `0.0579` | `0.8145` | `0.0677` | `0.9658` |
| `Utonia` | `shower curtain` | `0.0582` | `0.0587` | `0.7504` | `0.1328` | `1.0086` |
| `Utonia` | `toilet` | `0.0143` | `0.0132` | `0.9576` | `0.0149` | `0.9191` |
| `Utonia` | `sink` | `0.0674` | `0.0289` | `0.7728` | `0.1308` | `0.4292` |
| `Utonia` | `bathtub` | `0.0423` | `0.0312` | `0.8959` | `0.0305` | `0.7380` |
| `Utonia` | `otherfurniture` | `0.0511` | `0.0729` | `0.6951` | `0.1810` | `1.4269` |
| `PTv3_supervised` | `wall` | `0.0195` | `0.0234` | `0.9243` | `0.0328` | `1.2004` |
| `PTv3_supervised` | `floor` | `0.0054` | `0.0058` | `0.9744` | `0.0144` | `1.0854` |
| `PTv3_supervised` | `cabinet` | `0.0917` | `0.0369` | `0.7705` | `0.1009` | `0.4031` |
| `PTv3_supervised` | `bed` | `0.0565` | `0.0131` | `0.8726` | `0.0578` | `0.2310` |
| `PTv3_supervised` | `chair` | `0.0135` | `0.0099` | `0.9488` | `0.0278` | `0.7349` |
| `PTv3_supervised` | `sofa` | `0.0265` | `0.0289` | `0.9038` | `0.0407` | `1.0902` |
| `PTv3_supervised` | `table` | `0.0676` | `0.0239` | `0.8419` | `0.0666` | `0.3527` |
| `PTv3_supervised` | `door` | `0.0788` | `0.0391` | `0.8035` | `0.0785` | `0.4964` |
| `PTv3_supervised` | `window` | `0.0850` | `0.0242` | `0.7940` | `0.0968` | `0.2853` |
| `PTv3_supervised` | `bookshelf` | `0.0243` | `0.0433` | `0.8704` | `0.0620` | `1.7803` |
| `PTv3_supervised` | `picture` | `0.1372` | `0.0326` | `0.4492` | `0.3810` | `0.2373` |
| `PTv3_supervised` | `counter` | `0.0600` | `0.0263` | `0.7666` | `0.1472` | `0.4387` |
| `PTv3_supervised` | `desk` | `0.0542` | `0.0486` | `0.8033` | `0.0939` | `0.8954` |
| `PTv3_supervised` | `curtain` | `0.0854` | `0.0127` | `0.8485` | `0.0535` | `0.1484` |
| `PTv3_supervised` | `refridgerator` | `0.1499` | `0.0269` | `0.7246` | `0.0986` | `0.1796` |
| `PTv3_supervised` | `shower curtain` | `0.1185` | `0.0288` | `0.6901` | `0.1626` | `0.2433` |
| `PTv3_supervised` | `toilet` | `0.0064` | `0.0097` | `0.9656` | `0.0184` | `1.5297` |
| `PTv3_supervised` | `sink` | `0.0773` | `0.0299` | `0.7629` | `0.1299` | `0.3862` |
| `PTv3_supervised` | `bathtub` | `0.0412` | `0.0152` | `0.8970` | `0.0466` | `0.3679` |
| `PTv3_supervised` | `otherfurniture` | `0.1158` | `0.0314` | `0.6304` | `0.2225` | `0.2710` |

## Deferral Predictability

| expert | fold | pos rate | PR-AUC | R@P80 | R@P90 | R@P95 |
|---|---:|---:|---:|---:|---:|---:|
| `Concerto decoder` | `0` | `0.0201` | `0.4586` | `0.0000` | `0.0000` | `0.0000` |
| `Sonata linear` | `0` | `0.0216` | `0.3706` | `0.0000` | `0.0000` | `0.0000` |
| `Utonia` | `0` | `0.0223` | `0.4331` | `0.0013` | `0.0000` | `0.0000` |
| `PTv3_supervised` | `0` | `0.0179` | `0.4212` | `0.0000` | `0.0000` | `0.0000` |
| `Concerto decoder` | `1` | `0.0225` | `0.4770` | `0.0000` | `0.0000` | `0.0000` |
| `Sonata linear` | `1` | `0.0214` | `0.3592` | `0.0009` | `0.0003` | `0.0003` |
| `Utonia` | `1` | `0.0237` | `0.4485` | `0.0011` | `0.0000` | `0.0000` |
| `PTv3_supervised` | `1` | `0.0202` | `0.4209` | `0.0000` | `0.0000` | `0.0000` |

## Sample-Level Conservative Router Pilot

| variant | sample mIoU | allAcc | picture | p->wall |
|---|---:|---:|---:|---:|
| `fold0_default::Concerto_fullFT` | `0.8129` | `0.9324` | `0.4256` | `0.4102` |
| `fold0_defer_p80` | `0.8129` | `0.9324` | `0.4256` | `0.4102` |
| `fold0_defer_p90` | `0.8129` | `0.9324` | `0.4256` | `0.4102` |
| `fold0_defer_p95` | `0.8129` | `0.9324` | `0.4256` | `0.4102` |
| `fold1_default::Concerto_fullFT` | `0.7924` | `0.9255` | `0.4991` | `0.3101` |
| `fold1_defer_p80` | `0.7929` | `0.9257` | `0.5036` | `0.3101` |
| `fold1_defer_p90` | `0.7925` | `0.9255` | `0.4993` | `0.3101` |
| `fold1_defer_p95` | `0.7925` | `0.9255` | `0.4993` | `0.3101` |
